00106|0.160312|0.078750|0.048325|0.033350
00206|0.185012|0.099666|0.071425|0.053450
00306|0.199662|0.115567|0.081625|0.067500
00406|0.199712|0.121383|0.088775|0.070750
01206|0.191537|0.110250|0.078400|0.057350
01306|0.212125|0.119433|0.089325|0.071200
01406|0.219762|0.133983|0.101875|0.080000
02306|0.228400|0.142983|0.103950|0.087900
02406|0.242275|0.155600|0.124050|0.100400
03406|0.237262|0.164333|0.125725|0.099750
00107|0.165612|0.083566|0.054850|0.043750
00207|0.183363|0.101283|0.068825|0.054500
00307|0.203250|0.114933|0.081875|0.068600
00407|0.221225|0.119917|0.085025|0.065600
01207|0.199200|0.113817|0.078950|0.061400
01307|0.214062|0.126883|0.092250|0.075100
01407|0.245438|0.141217|0.102000|0.081350
02307|0.231950|0.141733|0.105300|0.084550
02407|0.267275|0.166483|0.126300|0.101750
03407|0.257300|0.168650|0.129225|0.100700
00108|0.169475|0.082066|0.052325|0.037950
00208|0.186787|0.100850|0.070175|0.052000
00308|0.215725|0.112733|0.073875|0.054150
00408|0.253450|0.134367|0.092525|0.072050
01208|0.195000|0.111100|0.077225|0.056750
01308|0.235763|0.123700|0.084700|0.065500
01408|0.262225|0.140717|0.099175|0.074350
02308|0.242300|0.135200|0.096750|0.074400
02408|0.287313|0.160033|0.116075|0.094650
03408|0.277012|0.163533|0.116650|0.095300
00109|0.186037|0.085966|0.051825|0.038350
00209|0.200400|0.098150|0.066675|0.050650
00309|0.220688|0.108317|0.073075|0.052350
00409|0.275813|0.135517|0.086325|0.063050
01209|0.219025|0.115400|0.080150|0.061800
01309|0.246425|0.130383|0.092425|0.068150
01409|0.304438|0.158233|0.108500|0.081800
02309|0.254300|0.143233|0.104850|0.079500
02409|0.326638|0.178833|0.127100|0.099550
03409|0.323150|0.178717|0.129425|0.097950
00110|0.190100|0.071466|0.035575|0.021400
00210|0.213588|0.085183|0.046225|0.028200
00310|0.275788|0.119583|0.068500|0.044200
00410|0.320487|0.149867|0.090450|0.068700
01210|0.225675|0.098333|0.056975|0.036900
01310|0.302862|0.133517|0.078175|0.052900
01410|0.344763|0.168200|0.106625|0.075650
02310|0.310525|0.151150|0.092025|0.066950
02410|0.365463|0.188500|0.121275|0.093100
03410|0.386962|0.214933|0.151325|0.119000
00111|0.191887|0.074800|0.036500|0.023150
00111|0.197437|0.074633|0.038425|0.021600
00311|0.279463|0.118717|0.068550|0.045300
00411|0.375588|0.179217|0.106850|0.074700
01211|0.226475|0.101767|0.058650|0.037050
01311|0.302500|0.135333|0.078800|0.054450
01411|0.402687|0.198867|0.126825|0.083850
02311|0.311925|0.150033|0.097125|0.066200
02411|0.420350|0.219233|0.141225|0.100850
03411|0.476650|0.281733|0.202000|0.160500
00112|0.271713|0.106417|0.054675|0.029350
00212|0.305475|0.124833|0.068875|0.039100
00312|0.393087|0.183367|0.100875|0.064600
00412|0.453037|0.240100|0.146400|0.101700
01212|0.310725|0.143767|0.078825|0.049750
01312|0.420900|0.205133|0.117425|0.078750
01412|0.481088|0.263833|0.160975|0.114650
02312|0.422438|0.215050|0.133150|0.089900
02412|0.498025|0.283417|0.184950|0.133700
03412|0.509725|0.303550|0.211825|0.153700
10005|0.270150|0.170433|0.124725|0.096250
10105|0.296262|0.172950|0.126950|0.095050
10205|0.336438|0.172217|0.103250|0.068550
10006|0.289838|0.171233|0.128600|0.096950
10106|0.324525|0.182750|0.130125|0.101000
10206|0.381512|0.197733|0.124625|0.086700
10007|0.310425|0.175450|0.128100|0.096550
10107|0.367663|0.207800|0.144725|0.110750
10207|0.425438|0.224617|0.138200|0.092250
10008|0.352000|0.194683|0.136925|0.103950
10108|0.422225|0.237950|0.164950|0.121300
10208|0.485413|0.273783|0.171725|0.114450
10009|0.397750|0.222400|0.151450|0.116250
10109|0.470425|0.261367|0.170925|0.121600
10209|0.532787|0.305733|0.190700|0.118150
10010|0.454037|0.251483|0.168825|0.126050
10110|0.550462|0.334933|0.229600|0.167950
10210|0.613350|0.392250|0.259175|0.174450
10011|0.526900|0.317983|0.217350|0.153850
10111|0.642038|0.431733|0.313825|0.236850
10012|0.611275|0.396950|0.277325|0.206950
11200|0.573987|0.362933|0.252050|0.192800
11101|0.635763|0.427050|0.305575|0.227200
11201|0.579963|0.368700|0.259525|0.193700
11002|0.641050|0.437717|0.313950|0.235550
11102|0.654863|0.449200|0.321575|0.247450
11202|0.597325|0.389683|0.268975|0.203750
11003|0.647775|0.442267|0.316825|0.243500
11103|0.654050|0.446483|0.320175|0.245900
11203|0.627513|0.412067|0.290050|0.212450
11004|0.689688|0.487583|0.362425|0.266950
11104|0.673050|0.468117|0.336500|0.260750
11204|0.651563|0.437467|0.313000|0.230700
11005|0.731213|0.553867|0.428225|0.340550
11105|0.697263|0.497867|0.368350|0.288650
11205|0.661388|0.454883|0.325175|0.247450
11006|0.753262|0.580283|0.452975|0.366400
11106|0.716875|0.529517|0.399350|0.310700
11206|0.679713|0.473533|0.346825|0.255500
11007|0.780038|0.616067|0.488425|0.400650
11107|0.743613|0.565267|0.439275|0.344200
11207|0.665825|0.462400|0.333175|0.252750
11008|0.801338|0.649083|0.529225|0.437450
11108|0.747300|0.571033|0.439275|0.343300
11208|0.665063|0.462650|0.334500|0.250000
11009|0.795763|0.640850|0.516675|0.427450
11109|0.765500|0.594217|0.458475|0.370950
11209|0.694300|0.492983|0.361300|0.269800
11010|0.818762|0.677283|0.564350|0.469850
11110|0.755775|0.577433|0.448450|0.347350
11210|0.709525|0.511550|0.379400|0.291150
11011|0.843975|0.713083|0.610900|0.520750
11111|0.807163|0.651467|0.525225|0.432100
11012|0.866263|0.749767|0.655075|0.569900
21000|0.625838|0.410617|0.270925|0.190000
21001|0.648913|0.439150|0.299050|0.207200
21101|0.660925|0.451067|0.324350|0.240950
21002|0.679150|0.472167|0.334075|0.247900
21102|0.666275|0.464717|0.331075|0.240200
21003|0.701150|0.500167|0.364575|0.266300
21103|0.686625|0.481400|0.351650|0.262200
21004|0.731800|0.541583|0.407800|0.303500
21104|0.709675|0.513417|0.380125|0.291950
21005|0.755663|0.579500|0.440825|0.339550
21105|0.736100|0.553650|0.421150|0.324500
21006|0.782800|0.608600|0.476850|0.380650
21106|0.760350|0.581683|0.457225|0.358500
21007|0.810125|0.657750|0.532425|0.434600
21107|0.781587|0.614050|0.484450|0.396600
21008|0.795125|0.637433|0.513125|0.413050
21108|0.782750|0.621833|0.493250|0.402300
21009|0.821125|0.682633|0.566600|0.465600
21109|0.811562|0.663167|0.536500|0.449750
21010|0.850012|0.720967|0.610900|0.517400
21110|0.833425|0.695433|0.580225|0.491300
21011|0.881563|0.773350|0.678975|0.596350
21111|0.861350|0.739867|0.640600|0.552200
21112|0.883838|0.784233|0.693675|0.608300
22000|0.494837|0.276100|0.173950|0.121300
22001|0.512687|0.300783|0.191075|0.134950
22101|0.579575|0.352150|0.223700|0.160050
22002|0.539288|0.318483|0.207925|0.148700
22102|0.601537|0.374417|0.246825|0.171800
22003|0.559063|0.343450|0.230575|0.162500
22103|0.624287|0.398150|0.266900|0.191750
22004|0.586975|0.373667|0.250275|0.186900
22104|0.643887|0.424983|0.292000|0.206800
22005|0.619375|0.412650|0.288550|0.209100
22105|0.663300|0.453867|0.309300|0.223150
22006|0.650125|0.443033|0.311900|0.229550
22106|0.684963|0.475650|0.336650|0.248150
22007|0.696263|0.490017|0.355825|0.267800
22107|0.708137|0.501767|0.365350|0.273450
22008|0.738287|0.549433|0.413700|0.314500
22108|0.727075|0.535983|0.393100|0.300650
22009|0.847912|0.722017|0.616725|0.523850
22109|0.812725|0.658717|0.543300|0.446600
22010|0.868900|0.752417|0.656675|0.561700
22110|0.821000|0.680383|0.562475|0.470100
22011|0.888225|0.785000|0.693000|0.612450
22111|0.833363|0.700750|0.589450|0.503050
22112|0.858475|0.738600|0.636825|0.553700
22201|0.856137|0.742967|0.651625|0.574600
22202|0.859688|0.746217|0.656150|0.580900
22203|0.862888|0.752333|0.664400|0.586800
22204|0.858088|0.742617|0.649500|0.571800
22205|0.853263|0.734683|0.641875|0.559850
22206|0.867075|0.756617|0.664375|0.591450
22207|0.872938|0.766767|0.678900|0.605650
22208|0.874800|0.771667|0.688800|0.616650
22209|0.887825|0.792483|0.719900|0.650000
22210|0.895650|0.808067|0.735575|0.671050
22211|0.919162|0.850183|0.785825|0.729700
22212|0.935600|0.877833|0.825725|0.781800
30001|0.344288|0.222633|0.164400|0.127100
30002|0.347087|0.227383|0.170950|0.136900
30102|0.363162|0.236250|0.169975|0.122950
30003|0.353500|0.234733|0.177000|0.140700
30103|0.364412|0.236583|0.172325|0.132450
30004|0.367337|0.240800|0.187725|0.156750
30104|0.371575|0.243267|0.184725|0.138900
30005|0.389600|0.248250|0.196350|0.153950
30105|0.376387|0.247067|0.186375|0.145050
30006|0.422950|0.269267|0.211625|0.179050
30106|0.388362|0.249483|0.191125|0.157850
30007|0.463462|0.294067|0.218500|0.186350
30107|0.416438|0.258417|0.200850|0.163700
30008|0.512837|0.321717|0.238700|0.197850
30108|0.466575|0.291450|0.223225|0.184350
30009|0.577688|0.379667|0.282675|0.217700
30109|0.518075|0.330517|0.245975|0.199450
30010|0.645362|0.447467|0.331675|0.263600
30110|0.577037|0.370500|0.274075|0.212850
30011|0.718850|0.532200|0.412975|0.335200
30111|0.642912|0.441300|0.324475|0.253150
30112|0.715350|0.528400|0.403125|0.326600
41104|0.311063|0.191417|0.143925|0.111150
41204|0.622650|0.408700|0.282950|0.208600
41105|0.353787|0.204000|0.147650|0.110350
41205|0.637350|0.427133|0.301150|0.219250
41006|0.262412|0.162067|0.120525|0.091800
41106|0.374837|0.216017|0.156400|0.121500
41106|0.654100|0.446733|0.315550|0.227350
41007|0.281788|0.166167|0.119675|0.090250
41107|0.417137|0.238983|0.166225|0.126500
41207|0.673787|0.468433|0.336425|0.245300
41008|0.294438|0.160567|0.108150|0.080150
41108|0.469050|0.273150|0.181300|0.140800
41208|0.694975|0.492300|0.357850|0.263450
41009|0.327000|0.172217|0.113000|0.081250
41109|0.525288|0.312350|0.207875|0.149050
41209|0.711425|0.518733|0.378975|0.290700
41010|0.382525|0.202600|0.131125|0.096650
41110|0.529775|0.321067|0.214900|0.154300
41210|0.743725|0.556700|0.417775|0.317000
41011|0.413625|0.212317|0.136275|0.095900
41211|0.762962|0.588517|0.456225|0.355800
41012|0.492750|0.298683|0.221950|0.185600
41212|0.834475|0.703650|0.590950|0.507050
42004|0.272075|0.189533|0.154000|0.130900
42204|0.558087|0.350000|0.238125|0.171450
42005|0.293525|0.196417|0.156200|0.138000
42205|0.574750|0.361550|0.250350|0.179300
42006|0.322700|0.204917|0.159825|0.138950
42206|0.592150|0.382783|0.260500|0.193550
42007|0.354563|0.217383|0.170950|0.147300
42207|0.614363|0.399333|0.278975|0.199000
42008|0.383175|0.232967|0.176525|0.149850
42208|0.632000|0.419717|0.295275|0.212400
42009|0.380225|0.237933|0.187000|0.151900
42209|0.651100|0.440883|0.307875|0.223250
42010|0.432150|0.273117|0.208100|0.175100
42210|0.680638|0.472867|0.336475|0.245050
42011|0.486375|0.309800|0.239700|0.202900
42211|0.703037|0.499717|0.368450|0.272750
42012|0.539112|0.356167|0.271325|0.235650
42212|0.774487|0.610033|0.485250|0.399300
